Datum | Mätpknt. | InneTemp | RH   | Mögel% | Mätpknt. | UteTemp  | RH%  | Mögel%

16-05-01 | 587      | 25,2     | 37,6 | 479      | 25,3    | 32,4 | 0
16-06-01 | 21356    | 24,7     | 28,8 | 15341    | 15,8    | 53,2 | 0
16-07-01 | 4126     | 26,3     | 41,6 | 4391     | 20,2    | 53,0 | 0
16-08-01 | 178      | 25,6     | 34,6 | 1919     | 18,1    | 48,6 | 0
16-09-01 | 32322    | 23,3     | 41,6 | 27733    | 16,2    | 60,4 | 0
16-10-01 | 37396    | 22,4     | 27,3 | 33326    | 8,2     | 64,6 | 0
16-11-01 | 39374    | 22,8     | 19,1 | 33312    | 3,3     | 83,5 | 18
16-12-01 | 29095    | 21,8     | 15,8 | 23524    | 2,5     | 77,9 | 0
17-01-01 | 5        | 21,4     | 18,0 | 3        | 3,8     | 95,0 | 75
